92,13
92,12
92,11
92,10
92,9
92,5
92,4
92,8
92,7
92,6
89,6
89,5
89,4
0,533
92,3
92,2
92,1
92,0
91,4
91,3
91,2
91,1
91,0
90,3
90,2
90,1
90,0
0,532
89,3
89,2
89,1
89,0
0,531
88,3
88,2
88,1
88,0
87,3
87,2
87,1
87,0
0,530
86,3
86,2
86,1
86,0
85,4
85,3
85,2
85,1
85,0
84,4
84,3
84,2
84,1
84,0
0,529
83,3
83,2
83,1
83,0
82,4
82,3
82,2
82,1
82,0
81,3
81,2
81,1
81,0
80,4
80,3
80,2
80,1
80,0
79,3
79,2
79,1
79,0
78,4
78,3
78,2
78,1
78,0
77,4
77,3
77,2
77,1
77,0
0,528
0,527
0,526
76,5
76,4
76,3
76,2
76,1
76,0
75,4
75,3
75,2
75,1
75,0
74,3
74,2
74,1
74,0
73,3
73,2
73,1
73,0
72,3
72,2
72,1
72,0
71,3
71,2
71,1
71,0
70,3
70,2
70,1
70,0
69,4
69,3
69,2
69,1
69,0
68,4
0,525
68,3
68,2
68,1
68,0
0,524
67,3
67,2
67,1
67,0
66,4
0,523
0,522
66,3
66,2
66,1
66,0
65,3
65,2
65,1
65,0
0,521
0,520
0,519
64,4
0,518
0,517
0,516
64,3
64,2
64,1
64,0
63,3
63,2
63,1
63,0
62,4
62,3
62,2
62,1
62,0
61,4
61,3
